Actor_01/03-01-04-02-02-02-01.wav|0,0,0,0.7485416140127129,0
Actor_01/03-01-06-02-02-02-01.wav|0,0,0,0,0.6309586718598129
Actor_01/03-01-01-01-02-01-01.wav|0.3278921981203927,0,0,0,0
Actor_01/03-01-06-02-02-01-01.wav|0,0,0,0,0.7824374099632145
Actor_01/03-01-04-01-02-02-01.wav|0,0,0,0.3190378234272899,0
Actor_01/03-01-03-01-02-01-01.wav|0,0,0.6526316827295786,0,0
Actor_01/03-01-04-02-02-01-01.wav|0,0,0,0.5886685031247278,0
Actor_01/03-01-05-01-01-02-01.wav|0,0.40389012637694444,0,0,0
Actor_01/03-01-05-02-01-01-01.wav|0,0.7230078762097277,0,0,0
Actor_01/03-01-06-01-02-01-01.wav|0,0,0,0,0.4237257079135202
Actor_01/03-01-06-01-01-02-01.wav|0,0,0,0,0.3577102021721905
Actor_01/03-01-04-02-01-02-01.wav|0,0,0,0.6158685533079287,0
Actor_01/03-01-03-02-02-02-01.wav|0,0,0.8502358891473357,0,0
Actor_01/03-01-03-02-01-01-01.wav|0,0,0.8375676260454201,0,0
Actor_01/03-01-05-01-02-02-01.wav|0,0.4533626878611112,0,0,0
Actor_01/03-01-01-01-01-01-01.wav|0.5518714832344264,0,0,0,0
Actor_01/03-01-04-01-01-01-01.wav|0,0,0,0.6529604724182079,0
Actor_01/03-01-06-01-01-01-01.wav|0,0,0,0,0.5650178076329457
Actor_01/03-01-03-02-02-01-01.wav|0,0,0.9576258473304612,0,0
Actor_01/03-01-01-01-01-02-01.wav|0.4115545055597195,0,0,0,0
Actor_01/03-01-05-01-01-01-01.wav|0,0.5766978835229979,0,0,0
Actor_01/03-01-05-02-02-01-01.wav|0,0.8153792419141435,0,0,0
Actor_01/03-01-03-02-01-02-01.wav|0,0,0.5386252760830235,0,0
Actor_01/03-01-04-01-02-01-01.wav|0,0,0,0.49156541689437394,0
Actor_01/03-01-06-02-01-01-01.wav|0,0,0,0,0.6122481705686196
Actor_01/03-01-04-01-01-02-01.wav|0,0,0,0.4430566920881455,0
Actor_01/03-01-05-02-01-02-01.wav|0,0.6714820748703301,0,0,0
Actor_01/03-01-04-02-01-01-01.wav|0,0,0,0.7839049729846637,0
Actor_01/03-01-05-01-02-01-01.wav|0,0.44977444333930017,0,0,0
Actor_01/03-01-03-01-02-02-01.wav|0,0,0.44514941998993557,0,0
Actor_01/03-01-05-02-02-02-01.wav|0,0.7286988914787271,0,0,0
Actor_02/03-01-05-02-01-01-02.wav|0,0.712515034058399,0,0,0
Actor_02/03-01-05-02-02-02-02.wav|0,0.5342444520065945,0,0,0
Actor_02/03-01-04-01-01-01-02.wav|0,0,0,0.5784467021638876,0
Actor_02/03-01-01-01-01-02-02.wav|0.4718409921880612,0,0,0,0
Actor_02/03-01-01-01-02-01-02.wav|0.3614769710948459,0,0,0,0
Actor_02/03-01-06-02-01-01-02.wav|0,0,0,0,0.8112092596276796
Actor_02/03-01-01-01-02-02-02.wav|0.25954160543441723,0,0,0,0
Actor_02/03-01-05-01-02-01-02.wav|0,0.6185173875665191,0,0,0
Actor_02/03-01-05-02-02-01-02.wav|0,0.7526120460639099,0,0,0
Actor_02/03-01-04-01-01-02-02.wav|0,0,0,0.5185953461938613,0
Actor_02/03-01-06-01-02-01-02.wav|0,0,0,0,0.5304257533689953
Actor_02/03-01-03-02-02-01-02.wav|0,0,0.584534628740597,0,0
Actor_02/03-01-05-01-01-01-02.wav|0,0.28823654241946856,0,0,0
Actor_02/03-01-05-01-02-02-02.wav|0,0.4572527560507119,0,0,0
Actor_02/03-01-06-02-01-02-02.wav|0,0,0,0,0.7301581914142072
Actor_02/03-01-06-01-01-02-02.wav|0,0,0,0,0.5982787198104578
Actor_02/03-01-03-02-01-01-02.wav|0,0,0.9249849990835219,0,0
Actor_02/03-01-03-02-02-02-02.wav|0,0,0.6665709730350838,0,0
Actor_02/03-01-04-01-02-01-02.wav|0,0,0,0.5758845406312822,0
Actor_02/03-01-04-02-02-02-02.wav|0,0,0,0.9361479500942177,0
Actor_02/03-01-04-02-01-01-02.wav|0,0,0,0.813530581637399,0
Actor_02/03-01-04-01-02-02-02.wav|0,0,0,0.5612301115278528,0
Actor_02/03-01-03-01-01-02-02.wav|0,0,0.425264106880385,0,0
Actor_02/03-01-01-01-01-01-02.wav|0.4831765823747909,0,0,0,0
Actor_02/03-01-03-01-02-02-02.wav|0,0,0.47559267636787805,0,0
Actor_02/03-01-03-01-01-01-02.wav|0,0,0.3669406048463425,0,0
Actor_02/03-01-06-02-02-01-02.wav|0,0,0,0,0.7130285987062387
Actor_02/03-01-05-02-01-02-02.wav|0,0.8825936254979727,0,0,0
Actor_03/03-01-05-02-01-02-03.wav|0,0.7287910402189313,0,0,0
Actor_03/03-01-04-01-01-02-03.wav|0,0,0,0.4737418603079426,0
Actor_03/03-01-03-02-01-01-03.wav|0,0,0.6797897830973526,0,0
Actor_03/03-01-05-02-02-01-03.wav|0,0.7740705789500615,0,0,0
Actor_03/03-01-03-02-02-02-03.wav|0,0,0.6391212539860689,0,0
Actor_03/03-01-06-01-02-02-03.wav|0,0,0,0,0.5711068328275195
Actor_03/03-01-01-01-01-02-03.wav|0.536262273469012,0,0,0,0
Actor_03/03-01-03-02-02-01-03.wav|0,0,0.7242803417522568,0,0
Actor_03/03-01-03-02-01-02-03.wav|0,0,0.6377168011715058,0,0
Actor_03/03-01-04-02-01-01-03.wav|0,0,0,0.7663545325648874,0
Actor_03/03-01-05-02-01-01-03.wav|0,0.7587177615553977,0,0,0
Actor_03/03-01-01-01-01-01-03.wav|0.5144024444957003,0,0,0,0
Actor_03/03-01-04-02-02-02-03.wav|0,0,0,0.5412581876505924,0
Actor_03/03-01-06-02-02-01-03.wav|0,0,0,0,0.9190122151316282
Actor_03/03-01-04-02-02-01-03.wav|0,0,0,0.762191658971488,0
Actor_03/03-01-03-01-02-02-03.wav|0,0,0.4292503439148012,0,0
Actor_03/03-01-01-01-02-01-03.wav|0.6577405427572149,0,0,0,0
Actor_03/03-01-05-01-02-02-03.wav|0,0.5823729376192192,0,0,0
Actor_03/03-01-05-02-02-02-03.wav|0,0.8371917782753726,0,0,0
Actor_03/03-01-04-01-02-01-03.wav|0,0,0,0.44734290463653603,0
Actor_03/03-01-04-01-02-02-03.wav|0,0,0,0.5073879897703957,0
Actor_03/03-01-04-02-01-02-03.wav|0,0,0,0.7412190284462908,0
Actor_03/03-01-04-01-01-01-03.wav|0,0,0,0.4502758476268236,0
Actor_03/03-01-05-01-02-01-03.wav|0,0.5255926388482193,0,0,0
Actor_03/03-01-06-01-01-01-03.wav|0,0,0,0,0.4392036765855875
Actor_03/03-01-06-01-02-01-03.wav|0,0,0,0,0.4956527000947306
Actor_03/03-01-01-01-02-02-03.wav|0.6482106342261981,0,0,0,0
Actor_03/03-01-06-01-01-02-03.wav|0,0,0,0,0.765711131859702
Actor_03/03-01-06-02-02-02-03.wav|0,0,0,0,0.6853785000737731
Actor_03/03-01-06-02-01-02-03.wav|0,0,0,0,0.701875836866326
Actor_03/03-01-03-01-01-02-03.wav|0,0,0.5809861524120099,0,0
Actor_04/03-01-03-02-02-01-04.wav|0,0,0.7926429286837806,0,0
Actor_04/03-01-06-02-01-02-04.wav|0,0,0,0,0.7206308862638403
Actor_04/03-01-01-01-01-01-04.wav|0.5232525025408528,0,0,0,0
Actor_04/03-01-04-02-01-02-04.wav|0,0,0,0.7741217176262183,0
Actor_04/03-01-05-01-01-01-04.wav|0,0.45111081702060457,0,0,0
Actor_04/03-01-05-02-02-01-04.wav|0,0.9016124083730412,0,0,0
Actor_04/03-01-06-01-02-02-04.wav|0,0,0,0,0.7448398772013666
Actor_04/03-01-05-02-01-01-04.wav|0,0.7742354569933882,0,0,0
Actor_04/03-01-01-01-02-01-04.wav|0.6190311022967067,0,0,0,0
Actor_04/03-01-01-01-01-02-04.wav|0.6875424220645637,0,0,0,0
Actor_04/03-01-03-01-01-01-04.wav|0,0,0.4869910483539419,0,0
Actor_04/03-01-03-01-02-01-04.wav|0,0,0.49664180228995847,0,0
Actor_04/03-01-06-01-01-02-04.wav|0,0,0,0,0.5166062965886773
Actor_04/03-01-04-01-01-01-04.wav|0,0,0,0.4983811146139262,0
Actor_04/03-01-04-01-02-02-04.wav|0,0,0,0.7170897890746578,0
Actor_04/03-01-06-02-01-01-04.wav|0,0,0,0,0.6767646416683945
Actor_04/03-01-04-02-02-02-04.wav|0,0,0,0.715090546597616,0
Actor_04/03-01-03-02-01-01-04.wav|0,0,0.8530603642463551,0,0
Actor_04/03-01-03-02-01-02-04.wav|0,0,0.8668201139127999,0,0
Actor_04/03-01-03-02-02-02-04.wav|0,0,0.8360926998134446,0,0
Actor_04/03-01-04-02-02-01-04.wav|0,0,0,0.7427159038034798,0
Actor_04/03-01-03-01-01-02-04.wav|0,0,0.4785846432598395,0,0
Actor_04/03-01-04-01-02-01-04.wav|0,0,0,0.5222187271241712,0
Actor_04/03-01-06-02-02-02-04.wav|0,0,0,0,0.7869046573185283
Actor_04/03-01-06-01-01-01-04.wav|0,0,0,0,0.543650439820079
Actor_04/03-01-06-01-02-01-04.wav|0,0,0,0,0.5210403792535303
Actor_04/03-01-03-01-02-02-04.wav|0,0,0.4795785647797137,0,0
Actor_04/03-01-01-01-02-02-04.wav|0.4360664199038497,0,0,0,0
Actor_04/03-01-04-01-01-02-04.wav|0,0,0,0.42694977855750416,0
Actor_04/03-01-04-02-01-01-04.wav|0,0,0,0.8280148729317099,0
Actor_04/03-01-05-02-01-02-04.wav|0,0.7492977167777154,0,0,0
Actor_05/03-01-03-01-01-02-05.wav|0,0,0.4803652923699826,0,0
Actor_05/03-01-03-01-02-02-05.wav|0,0,0.5505504121196457,0,0
Actor_05/03-01-04-01-02-01-05.wav|0,0,0,0.7527299207351235,0
Actor_05/03-01-05-01-02-01-05.wav|0,0.4719206553334731,0,0,0
Actor_05/03-01-05-02-01-01-05.wav|0,0.7523520275092795,0,0,0
Actor_05/03-01-04-02-01-02-05.wav|0,0,0,0.8721051044448543,0
Actor_05/03-01-05-02-02-02-05.wav|0,0.8205220185833572,0,0,0
Actor_05/03-01-01-01-02-01-05.wav|0.29726112146888184,0,0,0,0
Actor_05/03-01-06-02-02-01-05.wav|0,0,0,0,0.8076026316231106
Actor_05/03-01-03-01-01-01-05.wav|0,0,0.4362676442725053,0,0
Actor_05/03-01-05-01-02-02-05.wav|0,0.6355401061345052,0,0,0
Actor_05/03-01-01-01-01-02-05.wav|0.544105263338393,0,0,0,0
Actor_05/03-01-04-02-02-02-05.wav|0,0,0,0.9005071013334751,0
Actor_05/03-01-01-01-01-01-05.wav|0.3973493446523955,0,0,0,0
Actor_05/03-01-03-02-01-01-05.wav|0,0,0.7620608040223643,0,0
Actor_05/03-01-03-02-02-02-05.wav|0,0,0.7967560035127222,0,0
Actor_05/03-01-05-02-02-01-05.wav|0,0.7313499293680493,0,0,0
Actor_05/03-01-06-01-02-02-05.wav|0,0,0,0,0.5917525928253434
Actor_05/03-01-06-02-01-01-05.wav|0,0,0,0,0.8545755905927603
Actor_05/03-01-03-02-02-01-05.wav|0,0,0.7494665925899022,0,0
Actor_05/03-01-06-02-02-02-05.wav|0,0,0,0,0.8031488307172616
Actor_05/03-01-06-01-02-01-05.wav|0,0,0,0,0.26574710698555365
Actor_05/03-01-05-02-01-02-05.wav|0,0.6798044579616298,0,0,0
Actor_05/03-01-04-01-01-01-05.wav|0,0,0,0.6396725498123939,0
Actor_05/03-01-04-01-01-02-05.wav|0,0,0,0.44924692555464557,0
Actor_05/03-01-04-01-02-02-05.wav|0,0,0,0.42008307794342886,0
Actor_05/03-01-06-02-01-02-05.wav|0,0,0,0,0.7274022345465321
Actor_05/03-01-03-01-02-01-05.wav|0,0,0.47969728217278096,0,0
Actor_05/03-01-05-01-01-02-05.wav|0,0.43335762347677476,0,0,0
Actor_05/03-01-06-01-01-01-05.wav|0,0,0,0,0.511401261236008
Actor_05/03-01-03-02-01-02-05.wav|0,0,0.7785978795819394,0,0
Actor_05/03-01-04-02-02-01-05.wav|0,0,0,0.9000430414638678,0
Actor_06/03-01-05-02-01-01-06.wav|0,0.8226905047719836,0,0,0
Actor_06/03-01-05-02-01-02-06.wav|0,0.7668920411326097,0,0,0
Actor_06/03-01-04-01-02-01-06.wav|0,0,0,0.5090453348790269,0
Actor_06/03-01-06-02-01-02-06.wav|0,0,0,0,0.7548957520342698
Actor_06/03-01-03-01-02-02-06.wav|0,0,0.4127425663310734,0,0
Actor_06/03-01-06-01-02-02-06.wav|0,0,0,0,0.523993600733377
Actor_06/03-01-04-02-01-02-06.wav|0,0,0,0.7163770440516942,0
Actor_06/03-01-03-02-01-02-06.wav|0,0,0.665569953215482,0,0
Actor_06/03-01-03-01-02-01-06.wav|0,0,0.37528111156978916,0,0
Actor_06/03-01-06-02-02-02-06.wav|0,0,0,0,0.7304005578412099
Actor_06/03-01-01-01-02-01-06.wav|0.5107819139281662,0,0,0,0
Actor_06/03-01-03-01-01-01-06.wav|0,0,0.2397666422247099,0,0
Actor_06/03-01-05-02-02-01-06.wav|0,0.8561289603778051,0,0,0
Actor_06/03-01-05-01-01-01-06.wav|0,0.4019975404160992,0,0,0
Actor_06/03-01-03-02-01-01-06.wav|0,0,0.7391671182201544,0,0
Actor_06/03-01-06-02-01-01-06.wav|0,0,0,0,0.9203579182017223
Actor_06/03-01-01-01-01-02-06.wav|0.3328709898754274,0,0,0,0
Actor_06/03-01-05-02-02-02-06.wav|0,0.8998964613011702,0,0,0
Actor_06/03-01-04-02-01-01-06.wav|0,0,0,0.6825949271279437,0
Actor_06/03-01-01-01-01-01-06.wav|0.6321164409843731,0,0,0,0
Actor_06/03-01-04-02-02-02-06.wav|0,0,0,0.7863715064555132,0
Actor_06/03-01-04-01-01-01-06.wav|0,0,0,0.4253560890209648,0
Actor_06/03-01-01-01-02-02-06.wav|0.41432262049005997,0,0,0,0
Actor_06/03-01-04-01-01-02-06.wav|0,0,0,0.5746675883907859,0
Actor_06/03-01-03-01-01-02-06.wav|0,0,0.4894924322855851,0,0
Actor_06/03-01-06-02-02-01-06.wav|0,0,0,0,0.8515335828479267
Actor_06/03-01-04-02-02-01-06.wav|0,0,0,0.8231423547099657,0
Actor_06/03-01-03-02-02-01-06.wav|0,0,0.7144866692293624,0,0
Actor_06/03-01-05-01-02-01-06.wav|0,0.4864544207900769,0,0,0
Actor_06/03-01-06-01-02-01-06.wav|0,0,0,0,0.6849491957876167
Actor_06/03-01-05-01-02-02-06.wav|0,0.5035189813820674,0,0,0
Actor_07/03-01-04-01-02-01-07.wav|0,0,0,0.2781783018203393,0
Actor_07/03-01-05-01-02-01-07.wav|0,0.3838245583132117,0,0,0
Actor_07/03-01-06-01-01-01-07.wav|0,0,0,0,0.5217493717785483
Actor_07/03-01-05-01-02-02-07.wav|0,0.47539318042765866,0,0,0
Actor_07/03-01-03-01-02-02-07.wav|0,0,0.5326320903538159,0,0
Actor_07/03-01-06-02-02-02-07.wav|0,0,0,0,0.6754084198824337
Actor_07/03-01-03-02-01-02-07.wav|0,0,0.6794710506352519,0,0
Actor_07/03-01-06-01-02-01-07.wav|0,0,0,0,0.4220750936216683
Actor_07/03-01-04-02-02-02-07.wav|0,0,0,0.7898268396042367,0
Actor_07/03-01-04-01-01-02-07.wav|0,0,0,0.6231267239601326,0
Actor_07/03-01-04-01-01-01-07.wav|0,0,0,0.455173489326808,0
Actor_07/03-01-04-02-02-01-07.wav|0,0,0,0.8818040797987172,0
Actor_07/03-01-03-01-01-01-07.wav|0,0,0.6243243140787773,0,0
Actor_07/03-01-03-01-01-02-07.wav|0,0,0.45464160603174975,0,0
Actor_07/03-01-06-02-01-02-07.wav|0,0,0,0,0.7713232311267361
Actor_07/03-01-05-02-01-02-07.wav|0,0.7070616798802553,0,0,0
Actor_07/03-01-05-02-02-02-07.wav|0,0.8542175014895756,0,0,0
Actor_07/03-01-06-01-01-02-07.wav|0,0,0,0,0.7016962694819628
Actor_07/03-01-04-02-01-01-07.wav|0,0,0,0.8505642811172672,0
Actor_07/03-01-01-01-01-01-07.wav|0.35887084046810014,0,0,0,0
Actor_07/03-01-01-01-02-02-07.wav|0.47933229453949405,0,0,0,0
Actor_07/03-01-05-02-02-01-07.wav|0,0.7851540794427446,0,0,0
Actor_07/03-01-05-01-01-02-07.wav|0,0.5009023073580006,0,0,0
Actor_07/03-01-03-02-02-02-07.wav|0,0,0.7336352818707067,0,0
Actor_07/03-01-06-02-02-01-07.wav|0,0,0,0,0.6721267127634694
Actor_07/03-01-04-01-02-02-07.wav|0,0,0,0.49057317716454496,0
Actor_07/03-01-03-02-02-01-07.wav|0,0,0.7652753111470532,0,0
Actor_07/03-01-01-01-02-01-07.wav|0.2199698380727651,0,0,0,0
Actor_07/03-01-06-02-01-01-07.wav|0,0,0,0,0.6682560363273765
Actor_07/03-01-06-01-02-02-07.wav|0,0,0,0,0.507531459728196
Actor_07/03-01-05-01-01-01-07.wav|0,0.6199289168761037,0,0,0
Actor_07/03-01-03-02-01-01-07.wav|0,0,0.7016813546903056,0,0
Actor_08/03-01-05-02-02-02-08.wav|0,0.8289496175710221,0,0,0
Actor_08/03-01-04-02-01-02-08.wav|0,0,0,0.6338294083295202,0
Actor_08/03-01-05-02-01-01-08.wav|0,0.6142801731821057,0,0,0
Actor_08/03-01-04-01-02-02-08.wav|0,0,0,0.6645518819981994,0
Actor_08/03-01-06-02-02-02-08.wav|0,0,0,0,0.9455121382574423
Actor_08/03-01-05-02-01-02-08.wav|0,0.7567094508394355,0,0,0
Actor_08/03-01-05-02-02-01-08.wav|0,0.8669385577488746,0,0,0
Actor_08/03-01-03-02-02-01-08.wav|0,0,0.7952919898541835,0,0
Actor_08/03-01-05-01-02-01-08.wav|0,0.5540476877854105,0,0,0
Actor_08/03-01-01-01-01-02-08.wav|0.4955262435151479,0,0,0,0
Actor_08/03-01-06-02-01-02-08.wav|0,0,0,0,0.7511940718369751
Actor_08/03-01-01-01-02-02-08.wav|0.581184394062517,0,0,0,0
Actor_08/03-01-05-01-01-02-08.wav|0,0.5073336578299146,0,0,0
Actor_08/03-01-01-01-02-01-08.wav|0.35872831538885547,0,0,0,0
Actor_08/03-01-03-02-01-02-08.wav|0,0,0.3968753114312551,0,0
Actor_08/03-01-06-01-01-02-08.wav|0,0,0,0,0.4616814925791579
Actor_08/03-01-03-01-02-02-08.wav|0,0,0.4776542078282599,0,0
Actor_08/03-01-03-01-01-01-08.wav|0,0,0.6449338670840364,0,0
Actor_08/03-01-05-01-02-02-08.wav|0,0.5626038216688607,0,0,0
Actor_08/03-01-05-01-01-01-08.wav|0,0.4684960024641142,0,0,0
Actor_08/03-01-04-01-02-01-08.wav|0,0,0,0.4904041421624326,0
Actor_08/03-01-06-02-01-01-08.wav|0,0,0,0,0.7181294044718787
Actor_08/03-01-04-01-01-01-08.wav|0,0,0,0.6815178405708436,0
Actor_08/03-01-04-01-01-02-08.wav|0,0,0,0.5397633172955121,0
Actor_08/03-01-03-01-02-01-08.wav|0,0,0.4586977979129252,0,0
Actor_08/03-01-06-01-02-01-08.wav|0,0,0,0,0.7198475781538833
Actor_08/03-01-04-02-02-02-08.wav|0,0,0,0.770096613539122,0
Actor_08/03-01-01-01-01-01-08.wav|0.5385952781023462,0,0,0,0
Actor_08/03-01-03-02-02-02-08.wav|0,0,0.7908461348904319,0,0
Actor_08/03-01-06-01-01-01-08.wav|0,0,0,0,0.6365087279289467
Actor_08/03-01-03-01-01-02-08.wav|0,0,0.3998485581154942,0,0
Actor_08/03-01-04-02-01-01-08.wav|0,0,0,0.8113875388276777,0
Actor_09/03-01-06-01-01-01-09.wav|0,0,0,0,0.6560879548977604
Actor_09/03-01-03-02-02-01-09.wav|0,0,0.5565958603882434,0,0
Actor_09/03-01-06-01-01-02-09.wav|0,0,0,0,0.5939670266407595
Actor_09/03-01-05-01-01-02-09.wav|0,0.4693550917874002,0,0,0
Actor_09/03-01-04-01-01-01-09.wav|0,0,0,0.4676540345771193,0
Actor_09/03-01-06-02-01-02-09.wav|0,0,0,0,0.6954116355824894
Actor_09/03-01-04-02-02-01-09.wav|0,0,0,0.612065901997787,0
Actor_09/03-01-03-01-02-01-09.wav|0,0,0.5409357243032574,0,0
Actor_09/03-01-03-02-01-02-09.wav|0,0,0.8581630192574158,0,0
Actor_09/03-01-01-01-02-02-09.wav|0.36608662563734795,0,0,0,0
Actor_09/03-01-06-02-02-01-09.wav|0,0,0,0,0.7238805113080535
Actor_09/03-01-01-01-01-02-09.wav|0.5381554348044327,0,0,0,0
Actor_09/03-01-03-01-01-02-09.wav|0,0,0.4589930341351881,0,0
Actor_09/03-01-01-01-02-01-09.wav|0.5953414269064677,0,0,0,0
Actor_09/03-01-05-02-02-02-09.wav|0,0.8030202142932147,0,0,0
Actor_09/03-01-04-01-02-02-09.wav|0,0,0,0.714733628066151,0
Actor_09/03-01-04-01-01-02-09.wav|0,0,0,0.45426566082505887,0
Actor_09/03-01-05-02-01-01-09.wav|0,0.7341306025462042,0,0,0
Actor_09/03-01-06-02-01-01-09.wav|0,0,0,0,0.702682764358371
Actor_09/03-01-03-02-01-01-09.wav|0,0,0.8238818893596727,0,0
Actor_09/03-01-04-02-02-02-09.wav|0,0,0,0.6434433438311883,0
Actor_09/03-01-03-02-02-02-09.wav|0,0,0.6378621564499232,0,0
Actor_09/03-01-03-01-02-02-09.wav|0,0,0.48558404360437857,0,0
Actor_09/03-01-05-02-01-02-09.wav|0,0.682822068275067,0,0,0
Actor_09/03-01-05-02-02-01-09.wav|0,0.6973500931404186,0,0,0
Actor_09/03-01-04-02-01-01-09.wav|0,0,0,0.541502669778208,0
Actor_09/03-01-05-01-01-01-09.wav|0,0.37297601159838667,0,0,0
Actor_09/03-01-05-01-02-02-09.wav|0,0.5553241968998023,0,0,0
Actor_09/03-01-05-01-02-01-09.wav|0,0.39466378880823255,0,0,0
Actor_09/03-01-06-01-02-02-09.wav|0,0,0,0,0.3662064853202851
Actor_09/03-01-04-01-02-01-09.wav|0,0,0,0.6238746527910457,0
Actor_09/03-01-01-01-01-01-09.wav|0.40971529712601695,0,0,0,0
Actor_10/03-01-05-02-02-02-10.wav|0,0.709798278421769,0,0,0
Actor_10/03-01-05-01-01-01-10.wav|0,0.38742280310207244,0,0,0
Actor_10/03-01-03-01-01-02-10.wav|0,0,0.7381014451859921,0,0
Actor_10/03-01-03-01-02-02-10.wav|0,0,0.4017987631713307,0,0
Actor_10/03-01-04-02-02-01-10.wav|0,0,0,0.6995574870571362,0
Actor_10/03-01-04-01-02-02-10.wav|0,0,0,0.491206493590166,0
Actor_10/03-01-05-02-01-02-10.wav|0,0.721324387379116,0,0,0
Actor_10/03-01-01-01-02-01-10.wav|0.31074408705150014,0,0,0,0
Actor_10/03-01-04-01-01-01-10.wav|0,0,0,0.501361369292946,0
Actor_10/03-01-04-01-01-02-10.wav|0,0,0,0.3692862534862651,0
Actor_10/03-01-01-01-01-01-10.wav|0.5080068954885821,0,0,0,0
Actor_10/03-01-03-01-01-01-10.wav|0,0,0.3615296458739832,0,0
Actor_10/03-01-06-02-01-02-10.wav|0,0,0,0,0.7609622127662816
Actor_10/03-01-06-02-02-01-10.wav|0,0,0,0,0.6674817526755342
Actor_10/03-01-01-01-02-02-10.wav|0.6852671263579372,0,0,0,0
Actor_10/03-01-06-01-02-02-10.wav|0,0,0,0,0.27112334088426804
Actor_10/03-01-01-01-01-02-10.wav|0.6956286017598118,0,0,0,0
Actor_10/03-01-06-02-01-01-10.wav|0,0,0,0,0.69675507888452
Actor_10/03-01-04-02-01-02-10.wav|0,0,0,0.6643155891675064,0
Actor_10/03-01-05-02-01-01-10.wav|0,0.6987915953911162,0,0,0
Actor_10/03-01-05-01-02-02-10.wav|0,0.37066912912522176,0,0,0
Actor_10/03-01-03-02-01-01-10.wav|0,0,0.7789166997068832,0,0
Actor_10/03-01-05-01-01-02-10.wav|0,0.608439053000357,0,0,0
Actor_10/03-01-05-02-02-01-10.wav|0,0.7587205261901504,0,0,0
Actor_10/03-01-05-01-02-01-10.wav|0,0.35119264339687284,0,0,0
Actor_10/03-01-03-02-02-02-10.wav|0,0,0.7394981694866183,0,0
Actor_10/03-01-06-02-02-02-10.wav|0,0,0,0,0.8006534790264795
Actor_10/03-01-06-01-01-01-10.wav|0,0,0,0,0.6253159636452191
Actor_10/03-01-03-02-02-01-10.wav|0,0,0.776541405919507,0,0
Actor_10/03-01-03-02-01-02-10.wav|0,0,0.8302766061986985,0,0
Actor_10/03-01-06-01-02-01-10.wav|0,0,0,0,0.3375254646814171
Actor_10/03-01-04-01-02-01-10.wav|0,0,0,0.4744355402071788,0
Actor_11/03-01-06-02-01-02-11.wav|0,0,0,0,0.7962816499801467
Actor_11/03-01-03-01-02-01-11.wav|0,0,0.5330635186894703,0,0
Actor_11/03-01-01-01-01-02-11.wav|0.4250576881941809,0,0,0,0
Actor_11/03-01-03-01-02-02-11.wav|0,0,0.37823765050297375,0,0
Actor_11/03-01-05-02-01-02-11.wav|0,0.8426166716122813,0,0,0
Actor_11/03-01-04-01-01-01-11.wav|0,0,0,0.49015418684330414,0
Actor_11/03-01-06-02-02-01-11.wav|0,0,0,0,0.6081945660693284
Actor_11/03-01-04-01-02-02-11.wav|0,0,0,0.31697433457656776,0
Actor_11/03-01-05-01-01-02-11.wav|0,0.526672108248825,0,0,0
Actor_11/03-01-03-02-02-02-11.wav|0,0,0.8059638554738043,0,0
Actor_11/03-01-04-01-02-01-11.wav|0,0,0,0.4033105327771297,0
Actor_11/03-01-06-01-02-01-11.wav|0,0,0,0,0.49875235076494
Actor_11/03-01-03-02-02-01-11.wav|0,0,0.8212267668099624,0,0
Actor_11/03-01-05-01-02-02-11.wav|0,0.4520487596024349,0,0,0
Actor_11/03-01-04-02-01-01-11.wav|0,0,0,0.6830651455423248,0
Actor_11/03-01-03-01-01-01-11.wav|0,0,0.3963361064811942,0,0
Actor_11/03-01-05-01-01-01-11.wav|0,0.4834490078459679,0,0,0
Actor_11/03-01-06-01-02-02-11.wav|0,0,0,0,0.6013317396974504
Actor_11/03-01-03-02-01-01-11.wav|0,0,0.7670285661455455,0,0
Actor_11/03-01-04-01-01-02-11.wav|0,0,0,0.6383356134066268,0
Actor_11/03-01-05-01-02-01-11.wav|0,0.4558222171755377,0,0,0
Actor_11/03-01-01-01-02-01-11.wav|0.4024767318502481,0,0,0,0
Actor_11/03-01-01-01-02-02-11.wav|0.6079104076240704,0,0,0,0
Actor_11/03-01-06-01-01-01-11.wav|0,0,0,0,0.48197340219268253
Actor_11/03-01-06-02-02-02-11.wav|0,0,0,0,0.6338240557914951
Actor_11/03-01-04-02-02-02-11.wav|0,0,0,0.7877294919620756,0
Actor_11/03-01-03-02-01-02-11.wav|0,0,0.7543822924203181,0,0
Actor_11/03-01-05-02-01-01-11.wav|0,0.8457787623286223,0,0,0
Actor_11/03-01-06-01-01-02-11.wav|0,0,0,0,0.5081325570403274
Actor_11/03-01-04-02-01-02-11.wav|0,0,0,0.5458712752596415,0
Actor_12/03-01-04-02-02-01-12.wav|0,0,0,0.4549553316184399,0
Actor_12/03-01-04-02-01-01-12.wav|0,0,0,0.8089701978600651,0
Actor_12/03-01-06-01-02-01-12.wav|0,0,0,0,0.547861030289199
Actor_12/03-01-05-02-02-01-12.wav|0,0.665502319775533,0,0,0
Actor_12/03-01-06-01-02-02-12.wav|0,0,0,0,0.5585143071178147
Actor_12/03-01-04-01-01-01-12.wav|0,0,0,0.6193479172878085,0
Actor_12/03-01-06-02-01-02-12.wav|0,0,0,0,0.7226587822231453
Actor_12/03-01-04-01-01-02-12.wav|0,0,0,0.7268191228808095,0
Actor_12/03-01-01-01-02-01-12.wav|0.488825710824166,0,0,0,0
Actor_12/03-01-06-01-01-02-12.wav|0,0,0,0,0.7532288413521084
Actor_12/03-01-04-02-02-02-12.wav|0,0,0,0.8728661666293636,0
Actor_12/03-01-01-01-01-01-12.wav|0.3313116787421568,0,0,0,0
Actor_12/03-01-03-02-01-02-12.wav|0,0,0.8685268477374046,0,0
Actor_12/03-01-01-01-02-02-12.wav|0.3569198649823935,0,0,0,0
Actor_12/03-01-05-01-02-02-12.wav|0,0.39279444959957976,0,0,0
Actor_12/03-01-03-01-01-01-12.wav|0,0,0.4963129723609816,0,0
Actor_12/03-01-03-01-02-02-12.wav|0,0,0.32883711730010534,0,0
Actor_12/03-01-06-02-01-01-12.wav|0,0,0,0,0.5223810170824446
Actor_12/03-01-05-01-01-02-12.wav|0,0.3167583951285183,0,0,0
Actor_12/03-01-06-01-01-01-12.wav|0,0,0,0,0.46851874163606533
Actor_12/03-01-06-02-02-02-12.wav|0,0,0,0,0.8105981739038361
Actor_12/03-01-05-01-02-01-12.wav|0,0.46475071221376113,0,0,0
Actor_12/03-01-01-01-01-02-12.wav|0.519729144504255,0,0,0,0
Actor_12/03-01-06-02-02-01-12.wav|0,0,0,0,0.7144062548439372
Actor_12/03-01-03-02-02-01-12.wav|0,0,0.8825772638365446,0,0
Actor_12/03-01-03-02-02-02-12.wav|0,0,0.8799427708719653,0,0
Actor_12/03-01-03-01-01-02-12.wav|0,0,0.3701710080001061,0,0
Actor_12/03-01-05-02-01-01-12.wav|0,0.736793723813918,0,0,0
Actor_12/03-01-04-02-01-02-12.wav|0,0,0,0.8040664640662009,0
Actor_12/03-01-05-01-01-01-12.wav|0,0.4658517351742258,0,0,0
Actor_13/03-01-06-01-01-02-13.wav|0,0,0,0,0.42430902923302277
Actor_13/03-01-05-01-01-02-13.wav|0,0.475163950760579,0,0,0
Actor_13/03-01-04-02-01-02-13.wav|0,0,0,0.6475769113516325,0
Actor_13/03-01-06-02-02-01-13.wav|0,0,0,0,0.7582709061802502
Actor_13/03-01-04-01-01-01-13.wav|0,0,0,0.385697352083579,0
Actor_13/03-01-03-02-01-02-13.wav|0,0,0.5583996748727988,0,0
Actor_13/03-01-04-01-02-01-13.wav|0,0,0,0.41088075996602463,0
Actor_13/03-01-03-02-02-01-13.wav|0,0,0.7687958232077522,0,0
Actor_13/03-01-01-01-02-01-13.wav|0.513729069526647,0,0,0,0
Actor_13/03-01-03-01-02-01-13.wav|0,0,0.39984998291774265,0,0
Actor_13/03-01-01-01-01-01-13.wav|0.5689506980943682,0,0,0,0
Actor_13/03-01-03-02-01-01-13.wav|0,0,0.6221565841355537,0,0
Actor_13/03-01-05-01-01-01-13.wav|0,0.4413211313607049,0,0,0
Actor_13/03-01-05-02-01-02-13.wav|0,0.623225208815348,0,0,0
Actor_13/03-01-03-01-01-01-13.wav|0,0,0.6286389539400008,0,0
Actor_13/03-01-01-01-01-02-13.wav|0.37328377915337563,0,0,0,0
Actor_13/03-01-05-01-02-02-13.wav|0,0.5699441763019155,0,0,0
Actor_13/03-01-06-01-02-01-13.wav|0,0,0,0,0.5700669970835152
Actor_13/03-01-03-01-01-02-13.wav|0,0,0.7696196479508344,0,0
Actor_13/03-01-06-02-02-02-13.wav|0,0,0,0,0.7858804532318717
Actor_13/03-01-05-02-02-02-13.wav|0,0.8510138914700636,0,0,0
Actor_13/03-01-04-02-01-01-13.wav|0,0,0,0.8189796342848281,0
Actor_13/03-01-04-01-01-02-13.wav|0,0,0,0.46949547134736647,0
Actor_13/03-01-04-02-02-01-13.wav|0,0,0,0.7617297785606608,0
Actor_13/03-01-06-02-01-02-13.wav|0,0,0,0,0.7074265491898712
Actor_13/03-01-03-01-02-02-13.wav|0,0,0.46037855504598013,0,0
Actor_13/03-01-06-02-01-01-13.wav|0,0,0,0,0.8027398803752422
Actor_13/03-01-03-02-02-02-13.wav|0,0,0.8887601092063517,0,0
Actor_13/03-01-05-02-01-01-13.wav|0,0.6537601430849509,0,0,0
Actor_13/03-01-06-01-02-02-13.wav|0,0,0,0,0.4337478234111969
Actor_13/03-01-01-01-02-02-13.wav|0.6942052840917323,0,0,0,0
Actor_13/03-01-06-01-01-01-13.wav|0,0,0,0,0.7348254186752767
Actor_14/03-01-06-01-01-01-14.wav|0,0,0,0,0.610858993793962
Actor_14/03-01-05-02-02-02-14.wav|0,0.7049699733473732,0,0,0
Actor_14/03-01-03-02-01-01-14.wav|0,0,0.9243006973255278,0,0
Actor_14/03-01-03-02-02-02-14.wav|0,0,0.6752721690552178,0,0
Actor_14/03-01-05-02-01-02-14.wav|0,0.617306496542519,0,0,0
Actor_14/03-01-03-01-02-02-14.wav|0,0,0.5873130975890466,0,0
Actor_14/03-01-04-02-01-01-14.wav|0,0,0,0.7079472563635233,0
Actor_14/03-01-05-01-01-01-14.wav|0,0.5095849390504652,0,0,0
Actor_14/03-01-03-01-01-02-14.wav|0,0,0.38829409246338326,0,0
Actor_14/03-01-06-02-01-01-14.wav|0,0,0,0,0.7351902509723663
Actor_14/03-01-04-02-02-02-14.wav|0,0,0,0.6828158179906965,0
Actor_14/03-01-06-02-02-02-14.wav|0,0,0,0,0.7771970507316117
Actor_14/03-01-01-01-01-02-14.wav|0.45354338649484466,0,0,0,0
Actor_14/03-01-03-02-01-02-14.wav|0,0,0.9557350651393546,0,0
Actor_14/03-01-03-01-02-01-14.wav|0,0,0.489952501896472,0,0
Actor_14/03-01-05-01-02-01-14.wav|0,0.43804706000357035,0,0,0
Actor_14/03-01-05-02-02-01-14.wav|0,0.9595405679579082,0,0,0
Actor_14/03-01-01-01-01-01-14.wav|0.6687342358523312,0,0,0,0
Actor_14/03-01-06-02-01-02-14.wav|0,0,0,0,0.7109769649123008
Actor_14/03-01-06-01-02-01-14.wav|0,0,0,0,0.4558234746469824
Actor_14/03-01-04-01-01-01-14.wav|0,0,0,0.4429604872445172,0
Actor_14/03-01-05-01-02-02-14.wav|0,0.5248644160814481,0,0,0
Actor_14/03-01-05-02-01-01-14.wav|0,0.7487588048442425,0,0,0
Actor_14/03-01-03-02-02-01-14.wav|0,0,0.7379281092379423,0,0
Actor_14/03-01-04-01-01-02-14.wav|0,0,0,0.4553683462537594,0
Actor_14/03-01-06-01-02-02-14.wav|0,0,0,0,0.4274501556285616
Actor_14/03-01-04-02-02-01-14.wav|0,0,0,0.6976405034660552,0
Actor_14/03-01-01-01-02-01-14.wav|0.5781490919126965,0,0,0,0
Actor_14/03-01-04-02-01-02-14.wav|0,0,0,0.8796451926571374,0
Actor_14/03-01-05-01-01-02-14.wav|0,0.6020621216113144,0,0,0
Actor_14/03-01-06-02-02-01-14.wav|0,0,0,0,0.7547697276889825
Actor_15/03-01-03-01-02-02-15.wav|0,0,0.42164319093469105,0,0
Actor_15/03-01-04-01-01-01-15.wav|0,0,0,0.5318381111157756,0
Actor_15/03-01-05-02-02-01-15.wav|0,0.6460403881447134,0,0,0
Actor_15/03-01-05-01-02-02-15.wav|0,0.6200819437899334,0,0,0
Actor_15/03-01-03-02-01-02-15.wav|0,0,0.774852760831415,0,0
Actor_15/03-01-06-02-01-01-15.wav|0,0,0,0,0.8478882536573228
Actor_15/03-01-06-01-01-01-15.wav|0,0,0,0,0.5105898395152664
Actor_15/03-01-03-02-02-02-15.wav|0,0,0.774081179726868,0,0
Actor_15/03-01-04-02-02-02-15.wav|0,0,0,0.7660424239019281,0
Actor_15/03-01-06-01-01-02-15.wav|0,0,0,0,0.5855262759026157
Actor_15/03-01-06-02-01-02-15.wav|0,0,0,0,0.7614517434098331
Actor_15/03-01-03-01-01-01-15.wav|0,0,0.49026054678369846,0,0
Actor_15/03-01-05-01-01-01-15.wav|0,0.5108739411829057,0,0,0
Actor_15/03-01-05-02-01-01-15.wav|0,0.736493562529418,0,0,0
Actor_15/03-01-03-01-02-01-15.wav|0,0,0.5528306847293487,0,0
Actor_15/03-01-01-01-01-02-15.wav|0.4979733680434284,0,0,0,0
Actor_15/03-01-06-02-02-02-15.wav|0,0,0,0,0.5508501009152404
Actor_15/03-01-03-02-01-01-15.wav|0,0,0.8121804424135093,0,0
Actor_15/03-01-06-01-02-01-15.wav|0,0,0,0,0.3880775598631613
Actor_15/03-01-04-01-02-02-15.wav|0,0,0,0.5220730405941515,0
Actor_15/03-01-01-01-01-01-15.wav|0.4803175321153924,0,0,0,0
Actor_15/03-01-04-01-02-01-15.wav|0,0,0,0.4209102980606241,0
Actor_15/03-01-06-02-02-01-15.wav|0,0,0,0,0.7955847180994305
Actor_15/03-01-04-02-02-01-15.wav|0,0,0,0.6271824165144322,0
Actor_15/03-01-01-01-02-01-15.wav|0.5087443751705211,0,0,0,0
Actor_15/03-01-03-01-01-02-15.wav|0,0,0.4730160788228553,0,0
Actor_15/03-01-04-02-01-01-15.wav|0,0,0,0.7393327250245513,0
Actor_15/03-01-05-01-01-02-15.wav|0,0.5539656467950055,0,0,0
Actor_15/03-01-05-01-02-01-15.wav|0,0.4291984575386942,0,0,0
Actor_15/03-01-06-01-02-02-15.wav|0,0,0,0,0.4576329710198637
Actor_15/03-01-04-02-01-02-15.wav|0,0,0,0.8542585554694503,0
Actor_15/03-01-03-02-02-01-15.wav|0,0,0.7181692761938823,0,0
Actor_16/03-01-01-01-02-01-16.wav|0.3314647396604682,0,0,0,0
Actor_16/03-01-04-02-02-01-16.wav|0,0,0,0.7871546292038011,0
Actor_16/03-01-01-01-01-01-16.wav|0.6217461152693141,0,0,0,0
Actor_16/03-01-06-01-02-01-16.wav|0,0,0,0,0.529214496513118
Actor_16/03-01-04-02-02-02-16.wav|0,0,0,0.744019497657877,0
Actor_16/03-01-05-02-01-01-16.wav|0,0.9435226291026843,0,0,0
Actor_16/03-01-04-01-01-02-16.wav|0,0,0,0.4245785678576869,0
Actor_16/03-01-03-02-02-01-16.wav|0,0,0.8525105838110996,0,0
Actor_16/03-01-06-01-02-02-16.wav|0,0,0,0,0.5761489427127147
Actor_16/03-01-05-01-02-01-16.wav|0,0.44584017156059114,0,0,0
Actor_16/03-01-05-01-01-01-16.wav|0,0.6102315631372969,0,0,0
Actor_16/03-01-03-01-02-01-16.wav|0,0,0.4295726267336201,0,0
Actor_16/03-01-01-01-02-02-16.wav|0.477757978838247,0,0,0,0
Actor_16/03-01-05-02-02-01-16.wav|0,0.7757583269391918,0,0,0
Actor_16/03-01-06-02-01-02-16.wav|0,0,0,0,0.5327606042603383
Actor_16/03-01-03-01-01-01-16.wav|0,0,0.3970255952415693,0,0
Actor_16/03-01-03-01-02-02-16.wav|0,0,0.5535953841117667,0,0
Actor_16/03-01-03-01-01-02-16.wav|0,0,0.650382791421198,0,0
Actor_16/03-01-03-02-01-01-16.wav|0,0,0.9814666744839341,0,0
Actor_16/03-01-04-02-01-01-16.wav|0,0,0,0.6387557841709274,0
Actor_16/03-01-06-01-01-02-16.wav|0,0,0,0,0.43906839476925413
Actor_16/03-01-03-02-01-02-16.wav|0,0,0.7455720425967134,0,0
Actor_16/03-01-06-01-01-01-16.wav|0,0,0,0,0.5509743235762135
Actor_16/03-01-06-02-02-01-16.wav|0,0,0,0,0.7700014833713635
Actor_16/03-01-05-02-01-02-16.wav|0,0.8776040601399078,0,0,0
Actor_16/03-01-05-01-01-02-16.wav|0,0.42025219067257025,0,0,0
Actor_16/03-01-01-01-01-02-16.wav|0.37294029516138016,0,0,0,0
Actor_16/03-01-06-02-02-02-16.wav|0,0,0,0,0.7080354569730067
Actor_16/03-01-04-02-01-02-16.wav|0,0,0,0.6629729100430332,0
Actor_16/03-01-05-02-02-02-16.wav|0,0.6617052666621105,0,0,0
Actor_17/03-01-06-02-02-01-17.wav|0,0,0,0,0.7084051427693735
Actor_17/03-01-05-01-01-01-17.wav|0,0.647534047787695,0,0,0
Actor_17/03-01-01-01-01-02-17.wav|0.5935699115019603,0,0,0,0
Actor_17/03-01-05-01-02-01-17.wav|0,0.5030048524398555,0,0,0
Actor_17/03-01-04-01-01-01-17.wav|0,0,0,0.507030693718104,0
Actor_17/03-01-04-01-02-01-17.wav|0,0,0,0.6260384011638029,0
Actor_17/03-01-01-01-01-01-17.wav|0.507957984199158,0,0,0,0
Actor_17/03-01-03-02-02-02-17.wav|0,0,0.7864744598997002,0,0
Actor_17/03-01-04-02-01-02-17.wav|0,0,0,0.7290751410495445,0
Actor_17/03-01-03-01-02-02-17.wav|0,0,0.2705145111277546,0,0
Actor_17/03-01-04-02-02-02-17.wav|0,0,0,0.5131893489186069,0
Actor_17/03-01-05-02-02-01-17.wav|0,0.8026436967634026,0,0,0
Actor_17/03-01-05-01-02-02-17.wav|0,0.5921138279313413,0,0,0
Actor_17/03-01-06-01-02-02-17.wav|0,0,0,0,0.4403879405574311
Actor_17/03-01-03-01-02-01-17.wav|0,0,0.5022058891318721,0,0
Actor_17/03-01-03-01-01-02-17.wav|0,0,0.5446650720438521,0,0
Actor_17/03-01-06-01-01-01-17.wav|0,0,0,0,0.33969272069048967
Actor_17/03-01-06-02-01-01-17.wav|0,0,0,0,0.8009251546531971
Actor_17/03-01-05-02-01-01-17.wav|0,0.7742212475590506,0,0,0
Actor_17/03-01-04-02-01-01-17.wav|0,0,0,0.844932697662077,0
Actor_17/03-01-01-01-02-02-17.wav|0.5645438597511367,0,0,0,0
Actor_17/03-01-03-02-02-01-17.wav|0,0,0.6329719513428202,0,0
Actor_17/03-01-03-02-01-01-17.wav|0,0,0.7340210021633778,0,0
Actor_17/03-01-01-01-02-01-17.wav|0.5989969046020355,0,0,0,0
Actor_17/03-01-04-01-02-02-17.wav|0,0,0,0.5062037187451737,0
Actor_17/03-01-04-02-02-01-17.wav|0,0,0,0.7641500954296194,0
Actor_17/03-01-06-02-01-02-17.wav|0,0,0,0,0.8458535166603545
Actor_17/03-01-05-02-01-02-17.wav|0,0.6762809744479918,0,0,0
Actor_17/03-01-03-01-01-01-17.wav|0,0,0.6090241982602816,0,0
Actor_17/03-01-04-01-01-02-17.wav|0,0,0,0.32569535264082317,0
Actor_17/03-01-05-02-02-02-17.wav|0,0.9347855891324981,0,0,0
Actor_18/03-01-03-01-01-01-18.wav|0,0,0.29021100580645864,0,0
Actor_18/03-01-06-02-02-01-18.wav|0,0,0,0,0.5704851758625058
Actor_18/03-01-06-02-02-02-18.wav|0,0,0,0,0.7785899489446679
Actor_18/03-01-01-01-02-01-18.wav|0.42697832995101015,0,0,0,0
Actor_18/03-01-03-02-02-02-18.wav|0,0,0.6540978813463492,0,0
Actor_18/03-01-03-01-02-02-18.wav|0,0,0.41687516052338924,0,0
Actor_18/03-01-05-02-02-01-18.wav|0,0.7509821156132087,0,0,0
Actor_18/03-01-05-01-02-02-18.wav|0,0.6835006929074012,0,0,0
Actor_18/03-01-05-01-02-01-18.wav|0,0.6646683490539879,0,0,0
Actor_18/03-01-05-01-01-01-18.wav|0,0.5652813113765883,0,0,0
Actor_18/03-01-06-01-02-01-18.wav|0,0,0,0,0.6214453555923629
Actor_18/03-01-06-01-02-02-18.wav|0,0,0,0,0.43631030359393436
Actor_18/03-01-05-01-01-02-18.wav|0,0.581095145360027,0,0,0
Actor_18/03-01-04-02-01-02-18.wav|0,0,0,0.6114646063935771,0
Actor_18/03-01-01-01-02-02-18.wav|0.45759543340710296,0,0,0,0
Actor_18/03-01-03-02-02-01-18.wav|0,0,0.7561307303930899,0,0
Actor_18/03-01-05-02-01-02-18.wav|0,0.8378211760181979,0,0,0
Actor_18/03-01-03-02-01-02-18.wav|0,0,0.7617106058135646,0,0
Actor_18/03-01-05-02-01-01-18.wav|0,0.70830912724316,0,0,0
Actor_18/03-01-03-02-01-01-18.wav|0,0,0.6402791591383505,0,0
Actor_18/03-01-01-01-01-02-18.wav|0.4111518263565319,0,0,0,0
Actor_18/03-01-03-01-01-02-18.wav|0,0,0.39416455931728783,0,0
Actor_18/03-01-04-02-02-01-18.wav|0,0,0,0.72703315288337,0
Actor_18/03-01-01-01-01-01-18.wav|0.41889277714964257,0,0,0,0
Actor_18/03-01-04-01-02-02-18.wav|0,0,0,0.5517329952991086,0
Actor_18/03-01-04-02-01-01-18.wav|0,0,0,0.6949289415735089,0
Actor_18/03-01-06-02-01-02-18.wav|0,0,0,0,0.8966838813478138
Actor_18/03-01-04-01-01-01-18.wav|0,0,0,0.4529340574057005,0
Actor_18/03-01-06-01-01-01-18.wav|0,0,0,0,0.6679908588473799
Actor_18/03-01-05-02-02-02-18.wav|0,0.7687253742936212,0,0,0
Actor_18/03-01-04-02-02-02-18.wav|0,0,0,0.7694511082220684,0
Actor_19/03-01-06-01-01-02-19.wav|0,0,0,0,0.5126814806552519
Actor_19/03-01-05-02-02-02-19.wav|0,0.7077344989042683,0,0,0
Actor_19/03-01-03-02-01-01-19.wav|0,0,0.9312420182545216,0,0
Actor_19/03-01-05-01-02-01-19.wav|0,0.4407804304225553,0,0,0
Actor_19/03-01-03-01-02-02-19.wav|0,0,0.4081881798095161,0,0
Actor_19/03-01-06-01-02-01-19.wav|0,0,0,0,0.6328414814063846
Actor_19/03-01-03-01-02-01-19.wav|0,0,0.7146912453118249,0,0
Actor_19/03-01-04-02-01-01-19.wav|0,0,0,0.7724442733381748,0
Actor_19/03-01-03-01-01-02-19.wav|0,0,0.48520762638278364,0,0
Actor_19/03-01-04-01-02-02-19.wav|0,0,0,0.4600804642398598,0
Actor_19/03-01-06-01-02-02-19.wav|0,0,0,0,0.5586788470079673
Actor_19/03-01-01-01-02-02-19.wav|0.49532479015330844,0,0,0,0
Actor_19/03-01-05-02-02-01-19.wav|0,0.7251972526425307,0,0,0
Actor_19/03-01-04-02-01-02-19.wav|0,0,0,0.7264898436734178,0
Actor_19/03-01-05-02-01-01-19.wav|0,0.6512385651753103,0,0,0
Actor_19/03-01-06-02-02-02-19.wav|0,0,0,0,0.682315568149047
Actor_19/03-01-03-02-01-02-19.wav|0,0,0.9013888195220048,0,0
Actor_19/03-01-04-01-02-01-19.wav|0,0,0,0.3466452982729614,0
Actor_19/03-01-03-02-02-02-19.wav|0,0,0.8762566282641981,0,0
Actor_19/03-01-03-01-01-01-19.wav|0,0,0.689839637471335,0,0
Actor_19/03-01-06-01-01-01-19.wav|0,0,0,0,0.49610921782504463
Actor_19/03-01-04-02-02-02-19.wav|0,0,0,0.832643081158145,0
Actor_19/03-01-06-02-02-01-19.wav|0,0,0,0,0.8656302283337074
Actor_19/03-01-05-02-01-02-19.wav|0,0.8559853770375196,0,0,0
Actor_19/03-01-05-01-02-02-19.wav|0,0.44728783097970964,0,0,0
Actor_19/03-01-01-01-01-02-19.wav|0.49957809831303046,0,0,0,0
Actor_19/03-01-06-02-01-02-19.wav|0,0,0,0,0.708383017698776
Actor_19/03-01-01-01-02-01-19.wav|0.43656349276231576,0,0,0,0
Actor_19/03-01-06-02-01-01-19.wav|0,0,0,0,0.6888825463667144
Actor_19/03-01-04-01-01-02-19.wav|0,0,0,0.5359132036241211,0
Actor_19/03-01-01-01-01-01-19.wav|0.22099692831543516,0,0,0,0
Actor_20/03-01-04-02-01-01-20.wav|0,0,0,0.9728071621058602,0
Actor_20/03-01-03-02-01-01-20.wav|0,0,0.6664114880778844,0,0
Actor_20/03-01-06-02-02-02-20.wav|0,0,0,0,0.6760519935119227
Actor_20/03-01-06-02-01-02-20.wav|0,0,0,0,0.8504530827197375
Actor_20/03-01-05-01-02-02-20.wav|0,0.42231959056392676,0,0,0
Actor_20/03-01-04-02-02-01-20.wav|0,0,0,0.6986597864809951,0
Actor_20/03-01-05-02-01-01-20.wav|0,0.882607871007306,0,0,0
Actor_20/03-01-06-01-02-01-20.wav|0,0,0,0,0.46884398296479035
Actor_20/03-01-03-02-01-02-20.wav|0,0,0.6346249512884786,0,0
Actor_20/03-01-03-02-02-02-20.wav|0,0,0.7905065618883809,0,0
Actor_20/03-01-01-01-01-02-20.wav|0.4432980344446939,0,0,0,0
Actor_20/03-01-04-01-02-01-20.wav|0,0,0,0.44846650336177535,0
Actor_20/03-01-03-01-02-01-20.wav|0,0,0.48812198046037664,0,0
Actor_20/03-01-04-01-01-01-20.wav|0,0,0,0.28581053597215295,0
Actor_20/03-01-05-01-02-01-20.wav|0,0.5265466909898263,0,0,0
Actor_20/03-01-01-01-02-01-20.wav|0.5965803503857747,0,0,0,0
Actor_20/03-01-04-02-02-02-20.wav|0,0,0,0.7937735892925522,0
Actor_20/03-01-04-01-01-02-20.wav|0,0,0,0.36225929836450455,0
Actor_20/03-01-01-01-01-01-20.wav|0.6106153146005603,0,0,0,0
Actor_20/03-01-03-01-01-01-20.wav|0,0,0.45301453026379573,0,0
Actor_20/03-01-03-01-01-02-20.wav|0,0,0.4338302680007706,0,0
Actor_20/03-01-04-01-02-02-20.wav|0,0,0,0.3331619218728096,0
Actor_20/03-01-04-02-01-02-20.wav|0,0,0,0.7114113615967177,0
Actor_20/03-01-03-01-02-02-20.wav|0,0,0.580100667214521,0,0
Actor_20/03-01-06-01-02-02-20.wav|0,0,0,0,0.3768650062449295
Actor_20/03-01-05-01-01-02-20.wav|0,0.5631256692303246,0,0,0
Actor_20/03-01-05-02-01-02-20.wav|0,0.7615713790245461,0,0,0
Actor_20/03-01-05-02-02-01-20.wav|0,0.8348091285611161,0,0,0
Actor_20/03-01-05-01-01-01-20.wav|0,0.515255295455627,0,0,0
Actor_21/03-01-04-02-02-01-21.wav|0,0,0,0.8321254474802258,0
Actor_21/03-01-04-02-01-02-21.wav|0,0,0,0.8416616429389433,0
Actor_21/03-01-06-02-01-02-21.wav|0,0,0,0,0.6610183303349749
Actor_21/03-01-03-02-01-02-21.wav|0,0,0.8061003641514729,0,0
Actor_21/03-01-01-01-01-02-21.wav|0.3022448713455774,0,0,0,0
Actor_21/03-01-06-01-01-01-21.wav|0,0,0,0,0.4724712664569027
Actor_21/03-01-03-02-02-01-21.wav|0,0,0.7267823640747128,0,0
Actor_21/03-01-05-02-02-01-21.wav|0,0.5307553304122631,0,0,0
Actor_21/03-01-03-01-01-02-21.wav|0,0,0.4549390751986643,0,0
Actor_21/03-01-05-01-01-02-21.wav|0,0.6011469696158013,0,0,0
Actor_21/03-01-04-01-02-02-21.wav|0,0,0,0.5955704763436552,0
Actor_21/03-01-03-01-02-02-21.wav|0,0,0.6301404667229911,0,0
Actor_21/03-01-04-01-01-01-21.wav|0,0,0,0.6643067650493724,0
Actor_21/03-01-05-02-01-02-21.wav|0,0.789658450158446,0,0,0
Actor_21/03-01-03-01-02-01-21.wav|0,0,0.4501296551105631,0,0
Actor_21/03-01-06-02-01-01-21.wav|0,0,0,0,0.9510744574252354
Actor_21/03-01-06-01-02-01-21.wav|0,0,0,0,0.3749725420524569
Actor_21/03-01-05-02-02-02-21.wav|0,0.6355178244598362,0,0,0
Actor_21/03-01-01-01-02-02-21.wav|0.37726754575710403,0,0,0,0
Actor_21/03-01-03-02-02-02-21.wav|0,0,0.6810812213235288,0,0
Actor_21/03-01-01-01-02-01-21.wav|0.6072377282722056,0,0,0,0
Actor_21/03-01-04-01-01-02-21.wav|0,0,0,0.6826207113432793,0
Actor_21/03-01-05-02-01-01-21.wav|0,0.7216575285697092,0,0,0
Actor_21/03-01-05-01-01-01-21.wav|0,0.4821049345838286,0,0,0
Actor_21/03-01-05-01-02-02-21.wav|0,0.5670817480042321,0,0,0
Actor_21/03-01-04-02-01-01-21.wav|0,0,0,0.655154428232617,0
Actor_21/03-01-06-01-02-02-21.wav|0,0,0,0,0.6168874576161446
Actor_21/03-01-06-01-01-02-21.wav|0,0,0,0,0.48559011601405955
Actor_21/03-01-03-02-01-01-21.wav|0,0,0.6042731217642943,0,0
Actor_22/03-01-05-01-01-02-22.wav|0,0.42303966172509117,0,0,0
Actor_22/03-01-03-01-01-02-22.wav|0,0,0.3725254368237334,0,0
Actor_22/03-01-05-02-02-01-22.wav|0,0.674241069948949,0,0,0
Actor_22/03-01-03-02-02-01-22.wav|0,0,0.6970450175442653,0,0
Actor_22/03-01-04-02-01-02-22.wav|0,0,0,0.7029702635016442,0
Actor_22/03-01-06-02-01-02-22.wav|0,0,0,0,0.7783237826912287
Actor_22/03-01-04-02-02-01-22.wav|0,0,0,0.8107964945449629,0
Actor_22/03-01-05-02-02-02-22.wav|0,0.8234657766272695,0,0,0
Actor_22/03-01-06-01-01-02-22.wav|0,0,0,0,0.6161479166384503
Actor_22/03-01-05-01-02-02-22.wav|0,0.5426741851146994,0,0,0
Actor_22/03-01-04-02-01-01-22.wav|0,0,0,0.8326289975678834,0
Actor_22/03-01-06-02-01-01-22.wav|0,0,0,0,0.7718873042197768
Actor_22/03-01-03-01-02-01-22.wav|0,0,0.5417514813899849,0,0
Actor_22/03-01-01-01-02-01-22.wav|0.6550118369975749,0,0,0,0
Actor_22/03-01-03-02-02-02-22.wav|0,0,0.7824938534922816,0,0
Actor_22/03-01-03-01-01-01-22.wav|0,0,0.4868352836059966,0,0
Actor_22/03-01-06-02-02-02-22.wav|0,0,0,0,0.5733665333420419
Actor_22/03-01-06-01-02-01-22.wav|0,0,0,0,0.6588767155501704
Actor_22/03-01-03-01-02-02-22.wav|0,0,0.40680795966313854,0,0
Actor_22/03-01-05-01-02-01-22.wav|0,0.36306414455214253,0,0,0
Actor_22/03-01-05-01-01-01-22.wav|0,0.5186436740929483,0,0,0
Actor_22/03-01-04-02-02-02-22.wav|0,0,0,0.7544976264958638,0
Actor_22/03-01-06-01-02-02-22.wav|0,0,0,0,0.7466488359182252
Actor_22/03-01-05-02-01-02-22.wav|0,0.8645113901397888,0,0,0
Actor_22/03-01-04-01-01-01-22.wav|0,0,0,0.34967903490853647,0
Actor_22/03-01-01-01-01-02-22.wav|0.5443524231168028,0,0,0,0
Actor_22/03-01-04-01-02-02-22.wav|0,0,0,0.42852539717852534,0
Actor_22/03-01-05-02-01-01-22.wav|0,0.7103943480372259,0,0,0
Actor_22/03-01-01-01-01-01-22.wav|0.4202814261715234,0,0,0,0
Actor_22/03-01-03-02-01-01-22.wav|0,0,0.8659740601806422,0,0
Actor_22/03-01-06-02-02-01-22.wav|0,0,0,0,0.6609100157424608
Actor_22/03-01-03-02-01-02-22.wav|0,0,0.6546956790360032,0,0
Actor_23/03-01-06-02-02-02-23.wav|0,0,0,0,0.7443985042819302
Actor_23/03-01-06-02-02-01-23.wav|0,0,0,0,0.5971283583692585
Actor_23/03-01-03-01-02-02-23.wav|0,0,0.39513411957987904,0,0
Actor_23/03-01-03-01-01-02-23.wav|0,0,0.6132721457581035,0,0
Actor_23/03-01-06-01-02-02-23.wav|0,0,0,0,0.5019761492264722
Actor_23/03-01-03-02-01-01-23.wav|0,0,0.8996614589300527,0,0
Actor_23/03-01-04-02-01-01-23.wav|0,0,0,0.6642890361834197,0
Actor_23/03-01-05-02-02-02-23.wav|0,0.5364981601756386,0,0,0
Actor_23/03-01-05-02-02-01-23.wav|0,0.749138627411936,0,0,0
Actor_23/03-01-01-01-02-01-23.wav|0.32040582079488045,0,0,0,0
Actor_23/03-01-05-02-01-01-23.wav|0,0.9240412768550037,0,0,0
Actor_23/03-01-03-01-02-01-23.wav|0,0,0.3925503391547066,0,0
Actor_23/03-01-04-02-01-02-23.wav|0,0,0,0.6477894874171402,0
Actor_23/03-01-04-01-02-01-23.wav|0,0,0,0.4035721857089963,0
Actor_23/03-01-04-01-02-02-23.wav|0,0,0,0.5241850170097028,0
Actor_23/03-01-06-02-01-02-23.wav|0,0,0,0,0.6238254041911352
Actor_23/03-01-03-02-02-01-23.wav|0,0,0.8079341200416936,0,0
Actor_23/03-01-05-02-01-02-23.wav|0,0.6925669464571189,0,0,0
Actor_23/03-01-06-01-01-01-23.wav|0,0,0,0,0.3837470616966416
Actor_23/03-01-04-02-02-01-23.wav|0,0,0,0.8442513206171007,0
Actor_23/03-01-06-01-01-02-23.wav|0,0,0,0,0.45731603042032826
Actor_23/03-01-05-01-02-02-23.wav|0,0.6166718448497897,0,0,0
Actor_23/03-01-05-01-01-02-23.wav|0,0.4534733628382792,0,0,0
Actor_23/03-01-04-02-02-02-23.wav|0,0,0,0.6721769444905062,0
Actor_23/03-01-01-01-01-01-23.wav|0.4623327267531584,0,0,0,0
Actor_23/03-01-06-02-01-01-23.wav|0,0,0,0,0.6510761154608892
Actor_23/03-01-05-01-01-01-23.wav|0,0.5949115212774914,0,0,0
Actor_23/03-01-03-02-01-02-23.wav|0,0,0.7524504962396383,0,0
Actor_23/03-01-05-01-02-01-23.wav|0,0.6154770665292657,0,0,0
Actor_23/03-01-01-01-01-02-23.wav|0.4671072932855615,0,0,0,0
Actor_23/03-01-01-01-02-02-23.wav|0.461839495802544,0,0,0,0
Actor_23/03-01-03-02-02-02-23.wav|0,0,0.6202582347650376,0,0
Actor_24/03-01-01-01-01-02-24.wav|0.6305609661489388,0,0,0,0
Actor_24/03-01-03-02-01-02-24.wav|0,0,0.821991664496484,0,0
Actor_24/03-01-06-02-02-01-24.wav|0,0,0,0,0.8450571558309337
Actor_24/03-01-06-01-02-02-24.wav|0,0,0,0,0.35526550877870733
Actor_24/03-01-05-01-02-02-24.wav|0,0.42936720728349953,0,0,0
Actor_24/03-01-05-02-01-02-24.wav|0,0.8790257201102954,0,0,0
Actor_24/03-01-05-02-02-01-24.wav|0,0.7296826485738425,0,0,0
Actor_24/03-01-05-02-01-01-24.wav|0,0.840800556436036,0,0,0
Actor_24/03-01-01-01-02-02-24.wav|0.5099602341918682,0,0,0,0
Actor_24/03-01-01-01-02-01-24.wav|0.5859644451227769,0,0,0,0
Actor_24/03-01-04-02-01-02-24.wav|0,0,0,0.9191550280835237,0
Actor_24/03-01-03-01-02-01-24.wav|0,0,0.39991797667770085,0,0
Actor_24/03-01-06-02-01-02-24.wav|0,0,0,0,0.7691287910318948
Actor_24/03-01-04-01-01-02-24.wav|0,0,0,0.5486682968324559,0
Actor_24/03-01-06-02-01-01-24.wav|0,0,0,0,0.774223962996897
Actor_24/03-01-03-02-01-01-24.wav|0,0,0.8445681234142319,0,0
Actor_24/03-01-04-01-01-01-24.wav|0,0,0,0.5225991447977204,0
Actor_24/03-01-03-02-02-01-24.wav|0,0,0.8298250855049027,0,0
Actor_24/03-01-05-01-01-01-24.wav|0,0.44510082574268683,0,0,0
Actor_24/03-01-06-01-02-01-24.wav|0,0,0,0,0.2996906666222613
Actor_24/03-01-04-01-02-01-24.wav|0,0,0,0.6141025211652512,0
Actor_24/03-01-05-01-01-02-24.wav|0,0.39234017675370014,0,0,0
Actor_24/03-01-03-01-01-02-24.wav|0,0,0.4436816284508295,0,0
Actor_24/03-01-04-01-02-02-24.wav|0,0,0,0.4051404490552398,0
Actor_24/03-01-06-01-01-01-24.wav|0,0,0,0,0.4693533152472767
Actor_24/03-01-04-02-02-01-24.wav|0,0,0,0.9009163571967785,0
Actor_24/03-01-03-02-02-02-24.wav|0,0,0.7514305739400842,0,0
Actor_24/03-01-03-01-01-01-24.wav|0,0,0.47611938591197756,0,0
Actor_24/03-01-05-01-02-01-24.wav|0,0.5941649995424386,0,0,0
Actor_24/03-01-06-02-02-02-24.wav|0,0,0,0,0.6099956084634047
Actor_24/03-01-04-02-01-01-24.wav|0,0,0,0.5737593722085517,0
